
Step 1:

obtain the following quaternion data.

/HR_leader/mavros/local_position/pose, field.pose.orientation.x
/HR_leader/mavros/local_position/pose, field.pose.orientation.y
/HR_leader/mavros/local_position/pose, field.pose.orientation.z
/HR_leader/mavros/local_position/pose, field.pose.orientation.w

convert a quaternion rotation to the corresponding Euler angles: Roll.x, Pitch.y, Yaw.z.
please note the order of the Euler angles (ZYX).



Step 2:

obtain the following velocity data.

/HR_leader/mavros/local_position/velocity_body field.twist.angular.x  -->  omega.x
/HR_leader/mavros/local_position/velocity_body field.twist.angular.y  -->  omega.y
/HR_leader/mavros/local_position/velocity_body field.twist.angular.z  -->  omega.z

obtain angular velocity: omega.x, omega.y, omega.z.



Step 3:

the state vector is 
state =
[ 
    Roll.x, Pitch.y, Yaw.z, omega.x, omega.y, omega.z 
]', 
which is 6*1.

the control gain is
vK =
[
   -0.0447    0.1157    0.0011   -0.0457   -0.0008   -0.0915
    0.0029   -0.1135    0.0183    0.0155    0.0279   -0.0278
    0.0347    0.1240   -0.0122    0.0601    0.0635    0.0588
],
which is 3*6.



Step 4:

calculate the control input, or the torque, for the actuator.

control.u = vK*state

/HR_leader/mavros/actuator_control field.controls0  <--  control.u.0
/HR_leader/mavros/actuator_control field.controls1  <--  control.u.1
/HR_leader/mavros/actuator_control field.controls2  <--  control.u.2






tau_x = eu * sin( 2*pi*uniRand(19,23)* time + uniRand(0,pi) )
tau_y = eu * sin( 2*pi*uniRand(19,23)* time + uniRand(0,pi) )
tau_z = eu * sin( 2*pi*uniRand(07,13)* time + uniRand(0,pi) )




sin0.25, ed=0.0001, rx=1.0
2.285564832947146	-7.134098917716801	-13.714639786273525	6.297899409615427	2.640838343201674	-9.623258126559737
3.417748549748538	-6.271443558302909	-11.722201438512634	0.472602498395664	-3.810642632699023	-6.613830128076001
0.782575472941485	-2.145161169936517	-3.329064854295709	-1.071524888781605	0.691620950079881	-0.314843753894150



physical mpc_sin_A ed=0.0, rx=0.0
vK =
   -0.3991,    0.0343,   -0.0145,   -0.0445,   -0.0755,   -0.0092,
   -0.0167,    0.3988,   -0.0169,    0.0485,   -0.0015,    0.0023,
    0.0350,   -0.1029,   -0.2101,   -0.1523,    0.3270,    0.0586;
around 0.002
   -0.4038,    0.0316,   -0.0170,   -0.0278,   -0.0561,   -0.0064,
   -0.0154,    0.4005,   -0.0169,    0.0264,   -0.0041,    0.0038,
    0.0345,   -0.0914,   -0.2114,   -0.1167,    0.3135,    0.0522;

physical mpc_sin_A ed=0.001, rx=0.0
vK =
   -0.4065,    0.0332,   -0.0149,   -0.0465,   -0.0924,   -0.0158,
   -0.0177,    0.4093,   -0.0169,    0.0509,   -0.0079,   -0.0024,
    0.0424,   -0.1101,   -0.1960,   -0.1587,    0.4033,    0.1357;
around 0.002
   -0.4071,    0.0312,   -0.0170,   -0.0285,   -0.0627,   -0.0091,
   -0.0146,    0.4051,   -0.0168,    0.0269,   -0.0074,    0.0015,
    0.0285,   -0.0905,   -0.2075,   -0.1160,    0.3486,    0.0960;

physical mpc_sin_A ed=0.001, rx=0.1
vK =
   -0.4050,    0.0369,   -0.0148,   -0.0470,   -0.0822,   -0.0164,
   -0.0187,    0.4105,   -0.0168,    0.0441,   -0.0060,    0.0166,
    0.0363,   -0.1153,   -0.1960,   -0.1152,    0.3463,    0.1226;
+ - -
   -0.3900,    0.0421,   -0.0274,   -0.0247,   -0.0031,   -0.0001,
   -0.0190,    0.3921,   -0.0128,    0.0265,   -0.0071,    0.0313,
    0.0182,   -0.1154,   -0.1828,   -0.1286,    0.1044,    0.0272;
around 0.002
   -0.4066,    0.0323,   -0.0170,   -0.0302,   -0.0568,   -0.0070,
   -0.0147,    0.4063,   -0.0167,    0.0249,   -0.0058,   -0.0041,
    0.0308,   -0.0951,   -0.2077,   -0.0918,    0.3120,    0.0489;

physical mpc_sin_A ed=0.001, rx=0.2
vK =
   -0.4068,    0.0352,   -0.0149,   -0.0451,   -0.0812,   -0.0203,
   -0.0182,    0.4097,   -0.0166,    0.0356,   -0.0106,    0.0396,
    0.0389,   -0.1117,   -0.1953,   -0.1022,    0.3343,    0.1872;
around 0.002
   -0.4072,    0.0326,   -0.0170,   -0.0306,   -0.0536,   -0.0084,
   -0.0149,    0.4064,   -0.0160,    0.0235,   -0.0098,    0.0114,
    0.0307,   -0.0961,   -0.2057,   -0.0662,    0.2852,    0.0822;

physical mpc_sin_A ed=0.001, rx=0.4
vK =
   -0.4127,    0.0404,   -0.0249,   -0.0523,   -0.1301,   -0.0945,
   -0.0043,    0.3985,    0.0246,    0.0507,    0.1338,    0.2837,
    0.0870,   -0.1794,   -0.0361,   -0.0641,    0.8165,    1.1563;
around 0.002
   -0.4245,    0.0348,   -0.0255,   -0.0397,   -0.1129,   -0.0900,
    0.0003,    0.4126,    0.0234,    0.0404,    0.1296,    0.2821,
    0.0742,   -0.1563,   -0.0344,   -0.0262,    0.9003,    1.2267;



physical mpc_sin_B ed=0.0, rx=0.0
vK =
   -0.3358,    0.0215,    0.0017,   -0.0477,    0.0119,   -0.0076,
    0.0155,    0.3491,   -0.0097,    0.0029,    0.0059,   -0.0009,
    0.0557,   -0.0923,   -0.0548,    0.0029,    0.0900,   -0.0636;
around 0.002
   -0.3379,    0.0214,    0.0008,   -0.0475,    0.0109,   -0.0057,
    0.0141,    0.3483,   -0.0072,    0.0002,    0.0066,    0.0034,
    0.0533,   -0.0900,   -0.0645,    0.0034,    0.0831,   -0.0842;

physical mpc_sin_B ed=0.002, rx=0.0
vK =
   -0.3392,    0.0231,    0.0021,   -0.0725,    0.0271,   -0.0081,
    0.0129,    0.3566,   -0.0100,    0.0033,   -0.0109,   -0.0031,
    0.0540,   -0.0945,   -0.0400,    0.0283,    0.1888,    0.0320;
around 0.002
   -0.3389,    0.0215,    0.0010,   -0.0532,    0.0154,   -0.0057,
    0.0135,    0.3502,   -0.0072,   -0.0000,    0.0015,    0.0029,
    0.0529,   -0.0903,   -0.0615,    0.0088,    0.1140,   -0.0518;

physical mpc_sin_B ed=0.002, rx=0.1
vK =
   -0.3384,    0.0222,    0.0021,   -0.0648,    0.0326,   -0.0039,
    0.0124,    0.3561,   -0.0100,    0.0031,   -0.0139,   -0.0114,
    0.0535,   -0.0952,   -0.0400,    0.0199,    0.2116,    0.0412;
+ - -
   -0.3109,   -0.0001,   -0.0023,   -0.0711,    0.0158,   -0.0258,
    0.0322,    0.3402,   -0.0128,   -0.0019,   -0.0181,   -0.0070,
    0.1313,   -0.1570,   -0.0540,   -0.0125,    0.1356,   -0.0278;
around 0.002
   -0.3390,    0.0213,    0.0010,   -0.0531,    0.0204,   -0.0053,
    0.0133,    0.3499,   -0.0073,    0.0030,    0.0019,    0.0007,
    0.0525,   -0.0907,   -0.0614,    0.0086,    0.1288,   -0.0416;

physical mpc_sin_B ed=0.002, rx=0.2
vK =
   -0.3383,    0.0223,    0.0021,   -0.0624,    0.0428,   -0.0079,
    0.0125,    0.3552,   -0.0101,    0.0020,   -0.0283,   -0.0013,
    0.0532,   -0.0958,   -0.0394,    0.0177,    0.2135,    0.0344;
around 0.002
   -0.3387,    0.0213,    0.0010,   -0.0539,    0.0309,   -0.0055,
    0.0134,    0.3481,   -0.0080,    0.0022,   -0.0060,    0.0143,
    0.0524,   -0.0907,   -0.0612,    0.0093,    0.1399,   -0.0413;

physical mpc_sin_B ed=0.002, rx=0.4
vK =
   -0.3385,    0.0217,    0.0021,   -0.0620,    0.0850,   -0.0040,
    0.0145,    0.3504,   -0.0129,    0.0029,   -0.0734,    0.0108,
    0.0526,   -0.0944,   -0.0382,    0.0190,    0.2689,    0.0349;
around 0.002
   -0.3376,    0.0140,   -0.0034,   -0.0589,    0.0714,    0.0256,
    0.0355,    0.2942,   -0.0466,    0.0218,   -0.1657,    0.2555,
    0.0451,   -0.0771,   -0.0448,    0.0106,    0.2757,   -0.0570;

physical mpc_sin_B ed=0.002, rx=0.8
vK =
   -0.3535,    0.0288,    0.0065,   -0.0946,    0.2608,    0.2331,
    0.0046,    0.3871,   -0.0142,    0.0154,   -0.3016,    0.9974,
    0.0377,   -0.1098,    0.1107,    0.0465,    0.5652,   -0.0662;
around 0.002
   -0.3640,    0.0220,    0.0098,   -0.0801,    0.2376,    0.2928,
    0.0064,    0.3944,   -0.0080,    0.0017,   -0.3947,    1.2775,
    0.0360,   -0.1110,    0.1015,    0.0377,    0.6122,   -0.1904;

physical mpc_sin_B ed=0.002, rx=1.0
vK =
   -0.3665,    0.0396,    0.0176,   -0.0787,    0.3778,    0.5156,
   -0.0094,    0.4399,   -0.0145,    0.0097,   -0.4207,    1.9684,
    0.0188,   -0.1282,    0.5025,    0.0300,    0.7007,   -0.2357;
around 0.002
   -0.3846,    0.0259,    0.0305,   -0.1637,    0.3376,    0.6219,
   -0.0062,    0.4596,    0.0258,    0.0051,   -0.5186,    2.4874,
    0.0217,   -0.0669,    0.5058,    0.1200,    0.7217,   -0.4741;








physical_mpc_sin ed=0.0, rx=0.0
vK =
   -0.6081    0.1068   -0.0088    2.4375   -0.4636   -0.5620
    0.0103    0.6959    0.2550    0.5656   -2.7170    1.3155
    0.1218   -0.1878    0.1386    0.0669   -0.0235    1.4061
vK =
   -0.2637    0.3151   -0.2261    0.3645   -0.1067   -0.5367
    0.1556    0.4583    0.2501    0.0924   -1.5170    0.8980
   -0.0629    0.0800    0.1031   -0.0052   -0.0236    1.1338

physical_mpc_sin ed=0.001, rx=0.4
vK =
   -2.9475    0.7285    0.4810    3.5719    5.9641    4.1975
    0.1069    3.3917    3.2789    0.8852   -2.1117    2.1991
    0.8178   -0.8184   -4.7804    0.2189   -0.2191    0.9041

physical_mpc_sin ed=0.001, rx=0.1, ROA is 0.0059116
vK =
   -0.2394    0.1048    0.1174    0.6755    0.0305   -0.2693
    0.3066    0.1502    0.9733    0.1699   -2.4383    1.4004
   -0.3708    0.8117   -1.4628    0.0088   -0.0253    1.2963

physical_mpc_sin ed=0.001, rx=0.4, ROA is 0.032614
vK =
   -0.4087    0.1156   -0.1607    1.5084    1.1347    1.8847
    0.2399    0.2151    0.7816    0.3768   -2.0581    2.1771
   -0.3617    0.7394   -1.3535    0.0535    0.1811    1.2717



physical_vK_sin ed=0.0, rx=0.0, ROA is 0.0
vK =
   -0.2224   -0.0497    0.1501   -0.1268   -0.1076    0.1264
   -0.0128    0.3382   -0.1784    0.0106   -0.0735    0.1517
   -0.1639    0.0660   -0.7631    0.0563   -0.1594    0.7397

physical_vK_sin ed=0.0005, rx=0.4, ROA is 0.012622
vK =
   -0.2328   -0.0531    0.0554   -0.1294   -0.3613    0.1815
   -0.0402    0.3953   -0.3310    0.0127    0.1503    0.2242
   -0.2152    0.1084   -1.1701    0.0451    0.5262    0.9508

physical_vK_sin ed=0.0005, rx=0.4, ROA is 0.4
vK =
    0.0817   -1.2235    0.0076   -0.0961   -1.8277    0.2390
    0.0193    0.8752   -1.2638    0.0844    0.8526    0.1982
    0.6524   -1.0825   -6.7761    0.1939    2.6471    0.8492

physical_vK_sin ed=0.0005, rx=0.2, ROA is 0.2
vK =
   -0.1761   -0.1459    0.0457   -0.1140   -0.7276    0.1881
    0.0443    0.3788   -0.4297    0.0552    0.0655    0.1798
    0.3620   -0.3291   -1.7624    0.0799    0.8586    0.8722

physical_vK_sin ed=0.0001, rx=0.1, ROA is 0.1
vK =
   -0.2067   -0.0831    0.0447   -0.1311   -0.1760    0.1461
    0.0266    0.3643   -0.2630    0.0671   -0.3518    0.1867
    0.1982   -0.1751   -0.7507    0.1056    0.0269    0.8582


physical_vK_sin ed=0.00005, rx=0.12, ROA is 0.12, short data
vK =
   -0.1767   -0.0539   -0.0007   -0.2619   -0.0981    0.0722
    0.0247    0.3563   -0.4178    0.0459   -1.1509   -0.0474
    0.3997   -0.5015   -1.4691    0.0862    0.2466    0.9073






mpc_sin, ed=0.0, rx=0.0, short data
vK =
   -0.4307    0.1437    0.2342   -0.3618   -0.0130   -0.0729
   -0.0398    0.5706   -0.0534    0.0068    0.5090    0.0664
   -0.0287    0.0437    1.8662   -0.0207   -0.0086    1.0901

mpc_sin, ed=0.0, rx=0.0
vK =
   -0.6205   -0.0294    0.0667   -0.3571    0.0118   -0.1631
    0.0000    0.8956   -0.0638    0.0011    0.4383    0.0896
   -0.0818   -0.1892    1.7269    0.0267    0.0137    0.9039

mpc_sin, ed=0.0, rx=0.0
vK =
   -0.1536   -0.0326    0.0828   -2.8989    0.1133   -1.1707
    0.0361    0.3560   -0.1685   -0.1010    2.7175    0.7603
   -0.2711   -0.1662    0.7082    0.2027    0.1045    6.7232

mpc_sin, ed=0.0001, rx=0.5
vK =
   -0.5043   -0.2690    0.0720   -2.4911   -0.5569   -2.7527
   -0.1057    0.1621   -0.1780    0.0278    2.7491    0.3890
   -0.0917   -0.0114    0.6310   -0.0400    0.5531    9.2193

mpc_sin, ed=0.02, rx=0.8
vK =
   -0.4022   -0.0596    0.0002   -3.0949   -0.1828   -5.3608
   -0.0088    0.0809   -0.1684   -0.1217    3.0406    0.0702
   -0.1505   -0.1747    0.3490    0.3350    0.4008   13.4559


vk, ed=0.0, rx=0.0
vK =
   -0.0874    0.0000    0.0000   -0.0032    0.0000   -0.0000
   -0.0000    0.2099   -0.0001    0.0000    0.0054   -0.0003
    0.0000    0.0000    0.3870   -0.0000   -0.0003    0.0121


sin0.25, ed=0.0, rx=0.0
vK =
   -0.1323   -0.1962   -0.5818    4.7028   -0.3305    0.9610
    2.1013   -2.3659   -4.6606   -0.6889   -5.8408   -0.9143
   -0.2094    0.2674    1.6981   -0.2795   -0.2412    4.0096



IDEAL
EA = 
    1.0000    0.0000    0.0000    0.0020    0.0000    0.0000    0.0020    0.0000    0.0000    0.0000    0.0000    0.0020    0.0000    0.0000    0.0000   
    0.0000    1.0000    0.0000    0.0000    0.0000    0.0000    0.0000    0.0020    0.0000    0.0000    0.0000    0.0000    0.0020    0.0000    0.0000
    0.0000    0.0000    1.0000    0.0000    0.0000    0.0000    0.0000    0.0000    0.0020    0.0000    0.0000    0.0000    0.0000    0.0020    0.0000
    0.0000    0.0000    0.0000    1.0000    0.0000    0.0000    0.0000    0.0000    0.0000    0.0000    0.0000    0.0000    0.0000    0.0000    h.jjjj
    0.0000    0.0000    0.0000    0.0000    h.jjjj    1.0000    0.0000    0.0000    0.0000    0.0000    0.0000    0.0000    0.0000    0.0000    0.0000
    0.0000    0.0000    0.0000    0.0000    0.0000    0.0000    0.0000    0.0000    0.0000    h.jjjj    1.0000    0.0000    0.0000    0.0000    0.0000

EB =
    0.0000    0.0000    0.0000
    0.0000    0.0000    0.0000
    0.0000    0.0000    0.0000
    h.jjjj    0.0000    0.0000
    0.0000    h.jjjj    0.0000
    0.0000    0.0000    h.jjjj




physical mpc_sin_A, 0.002
EA =
    1.0015    0.0002   -0.0000    0.0021    0.0001   -0.0011    0.0016    0.0011    0.0001   -0.0000   -0.0040    0.0022    0.0007    0.0041   -0.0002
    0.0004    1.0015    0.0002    0.0000   -0.0001   -0.0041    0.0005    0.0062    0.0000   -0.0000    0.0039   -0.0005   -0.0014   -0.0038    0.0000
   -0.0000    0.0001    0.9999   -0.0000   -0.0000    0.0001   -0.0007   -0.0000    0.0019   -0.0000   -0.0153    0.0007   -0.0000    0.0170    0.0000
   -0.0203    0.0127    0.0073    1.0005   -0.0029    0.0041    0.1135   -0.0032   -0.0047    0.0004   -0.0148    0.0148    0.0135    0.0191    0.0070
    0.0125   -0.0244   -0.0163    0.0007    0.0061    1.1580   -0.0469   -0.1588    0.0001    0.0012   -0.0522    0.0156   -0.0086    0.0506   -0.0003
   -0.0066    0.0023   -0.0156   -0.0010   -0.0002   -0.0389   -0.0334    0.0396   -0.0003    0.0003    0.3464    0.0221    0.0033    0.6403    0.0003
EB =
    0.0026   -0.0005    0.0000
    0.0011   -0.0030    0.0003
   -0.0002   -0.0004   -0.0005
    0.0458   -0.0400    0.0206
    0.0358   -0.0135   -0.0233
   -0.0225   -0.0152   -0.0410

physical mpc_sin_A, around 0.002
EA =
    1.0026    0.0005    0.0002    0.0022    0.0001   -0.0013    0.0027    0.0013    0.0002    0.0000   -0.0029    0.0022    0.0007    0.0031   -0.0001
    0.0008    1.0024    0.0001    0.0001    0.0000   -0.0036   -0.0012    0.0058   -0.0001   -0.0000   -0.0101    0.0006   -0.0008    0.0102    0.0000
   -0.0001    0.0001    0.9999   -0.0000    0.0000    0.0002   -0.0011   -0.0002    0.0019   -0.0000   -0.0159    0.0008   -0.0001    0.0177   -0.0000
   -0.0305    0.0040    0.0060    0.9997   -0.0032   -0.0332    0.1078    0.0338   -0.0037    0.0005   -0.0193    0.0088    0.0099    0.0222    0.0065
    0.0086   -0.0263   -0.0178    0.0003    0.0066    1.1431   -0.0559   -0.1438    0.0007    0.0013   -0.1249    0.0185   -0.0126    0.1223   -0.0000
   -0.0061    0.0034   -0.0157   -0.0010   -0.0002   -0.0385   -0.0324    0.0393   -0.0005    0.0003    0.3709    0.0221    0.0035    0.6159    0.0004
EB =
    0.0057   -0.0016    0.0005
    0.0021   -0.0056   -0.0001
   -0.0003   -0.0005   -0.0006
    0.0193   -0.0165    0.0167
    0.0255   -0.0102   -0.0273
   -0.0211   -0.0180   -0.0408

physical mpc_sin_B, 0.002
EA =
    1.0008   -0.0002    0.0001    0.0020   -0.0000   -0.0025    0.0028    0.0025    0.0002    0.0001    0.0038    0.0020    0.0003   -0.0038   -0.0001
   -0.0001    1.0007    0.0000   -0.0000   -0.0001   -0.0017   -0.0005    0.0037   -0.0002   -0.0000   -0.0004    0.0002   -0.0013    0.0004   -0.0000
   -0.0000    0.0001    1.0000   -0.0000    0.0000    0.0022   -0.0002   -0.0022    0.0020   -0.0001   -0.0026   -0.0002   -0.0002    0.0044    0.0001
   -0.0037    0.0017   -0.0021    1.0002   -0.0001    0.0385    0.0413   -0.0389   -0.0017    0.0009   -0.0453    0.0312    0.0157    0.0446    0.0053
   -0.0100   -0.0165   -0.0038   -0.0011    0.0071    1.0924    0.0324   -0.0931    0.0044   -0.0039    0.0935   -0.0112   -0.0184   -0.0960    0.0027
    0.0049    0.0069   -0.0069   -0.0003   -0.0014    0.0944    0.0503   -0.0939    0.0046   -0.0039    0.8762    0.0069    0.0077    0.1144    0.0040
EB =
    0.0016    0.0007    0.0002
   -0.0003   -0.0016   -0.0001
   -0.0003   -0.0005   -0.0008
    0.0481   -0.0091   -0.0056
   -0.0320    0.0096   -0.0134
    0.0040   -0.0308   -0.0373

physical mpc_sin_B, around 0.002
EA =
    1.0012   -0.0003    0.0001    0.0021   -0.0001   -0.0034    0.0035    0.0034    0.0003    0.0001    0.0016    0.0027    0.0004   -0.0015   -0.0000
    0.0000    1.0010   -0.0000   -0.0000    0.0000   -0.0032   -0.0001    0.0053   -0.0002   -0.0000   -0.0031    0.0006   -0.0011    0.0031   -0.0000
   -0.0001    0.0002    1.0000   -0.0000    0.0000    0.0025   -0.0007   -0.0025    0.0020   -0.0001   -0.0052   -0.0001   -0.0003    0.0070    0.0001
   -0.0026    0.0008   -0.0019    1.0002   -0.0011    0.0299    0.0417   -0.0303   -0.0017    0.0012    0.0166    0.0280    0.0165   -0.0176    0.0055
   -0.0099   -0.0170   -0.0038   -0.0012    0.0066    1.0885    0.0294   -0.0892    0.0041   -0.0038    0.1191   -0.0122   -0.0190   -0.1218    0.0030
    0.0055    0.0075   -0.0071   -0.0001   -0.0014    0.0856    0.0480   -0.0850    0.0042   -0.0037    0.8811    0.0072    0.0078    0.1100    0.0039
EB =
    0.0028    0.0009    0.0003
    0.0000   -0.0024   -0.0003
   -0.0005   -0.0007   -0.0008
    0.0519   -0.0065   -0.0054
   -0.0313    0.0110   -0.0136
    0.0065   -0.0318   -0.0345











sin0.25
EA =
    0.9960    0.0040    0.0136    0.0029    0.0054   -0.0120    0.0046    0.0103   -0.0000   -0.0002    0.0192   -0.0081    0.0010   -0.0090    0.0033
    0.0002    0.9997    0.0010    0.0002    0.0024   -0.0007    0.0021    0.0027   -0.0019    0.0002    0.0008   -0.0069   -0.0004    0.0020    0.0009
    0.0011   -0.0020    0.9913    0.0000   -0.0013    0.0051   -0.0005   -0.0048    0.0022   -0.0008   -0.0026    0.0036   -0.0012    0.0010   -0.0011
    0.0785   -0.1011   -0.5913    0.9612   -0.0884    0.3980   -0.2369   -0.3300    0.1661   -0.0666   -0.8782    0.1134   -0.2092    0.3438   -0.2739
   -0.2359    0.2652    0.5630    0.0036    0.1357    0.2152    0.3736    0.6370   -0.1180   -0.0011    0.4445   -0.2508    0.0101   -0.2015    0.1370
   -0.0239    0.0087    0.0846    0.0211   -0.0967   -0.0497    0.0109    0.0293   -0.0002    0.0009    1.3402    0.3760   -0.0836   -0.2184   -0.0582
EB =
    0.0007    0.0005   -0.0025
   -0.0001   -0.0003   -0.0003
    0.0001   -0.0001    0.0009
   -0.0816   -0.0007    0.2110
    0.0160    0.0905   -0.0668
    0.0058    0.0055   -0.0925


mpc_sin
EA =
    0.9990   -0.0001    0.0004    0.0019    0.0000   -0.0011    0.0101    0.0011   -0.0006   -0.0000    0.0424   -0.0009   -0.0006   -0.0425    0.0001
   -0.0002    0.9971    0.0004   -0.0000    0.0002   -0.0008    0.0006    0.0026    0.0000   -0.0000    0.0054   -0.0000   -0.0035   -0.0054    0.0000
    0.0002    0.0001    0.9995    0.0000   -0.0000    0.0009    0.0007   -0.0009    0.0022   -0.0000   -0.0135    0.0006    0.0002    0.0154   -0.0000
   -0.1470   -0.0339    0.0618    1.0251    0.0009    0.0539   -1.1555   -0.0540    0.0574    0.0015    2.6539    0.1249   -0.0856   -2.6430    0.0304
   -0.0010   -0.0412   -0.0116   -0.0003   -0.0127    0.8785    0.1188    0.1530    0.0014   -0.0001    0.2014    0.0106    0.0446   -0.2013    0.0042
    0.0031    0.0055   -0.0081    0.0003   -0.0006   -0.0285   -0.0623    0.0290   -0.0010   -0.0006    0.8280   -0.0006    0.0003    0.1850   -0.0015
EB =
   -0.0008   -0.0000    0.0000
   -0.0000    0.0013   -0.0001
    0.0000   -0.0000    0.0003
    0.1596   -0.0001   -0.0115
    0.0001   -0.2044    0.0011
    0.0029   -0.0019   -0.0494


rand
EA =
    0.9997    0.0006    0.0061   -0.0027   -0.0026    0.0035   -0.0005   -0.0071    0.0005   -0.0074   -0.0042   -0.0003    0.0084    0.0003   -0.0035
   -0.0006    1.0013    0.0140    0.0007   -0.0053   -0.0014    0.0073    0.0087   -0.0073    0.0098    0.0002    0.0038   -0.0078   -0.0038   -0.0015
   -0.0027    0.0011    1.0027   -0.0048    0.0091   -0.0048    0.0068    0.0046   -0.0068   -0.0180   -0.0029    0.0035    0.0039   -0.0035    0.0023
   -0.0039    0.0022   -0.0054    0.9927   -0.0136   -0.0043   -0.0101   -0.0181    0.0101   -0.0217   -0.0075   -0.0052    0.0255    0.0052   -0.0101
   -0.0044    0.0025   -0.0157    0.0063   -0.0041    1.0066   -0.0167   -0.0230    0.0167   -0.0094    0.0021   -0.0086    0.0075    0.0086    0.0050
   -0.0187    0.0102   -0.0194   -0.0161    0.0132   -0.0186    0.0214   -0.0086   -0.0214   -0.0541    0.9904    0.0111    0.0241   -0.0111    0.0062
EB =
   1.0e-03 *
   -0.0544   -0.3331   -0.2558
    0.0858   -0.2037   -0.1129
   -0.2530   -0.0848    0.0807
   -0.0524   -0.2885   -0.4243
   -0.2071    0.1825   -0.2506
    0.3106    0.3678    0.0770


vk
EA =
    0.9201   -0.1033    0.0345   -0.0009    0.0004   -0.0278   -0.0616    0.0254   -0.0015   -0.0012    0.0605   -0.0006    0.0027   -0.0596    0.0049
    0.0030    0.9245   -0.0043    0.0001   -0.0008   -0.0163   -0.1416    0.0165    0.0028    0.0004    0.0160    0.0034   -0.0000   -0.0161    0.0014
   -0.5589   -0.9182    1.1972   -0.0206    0.0047   -0.8473  -12.8916    0.8288    0.2999    0.0191    0.2854    0.6472    0.0506   -0.2931   -0.2567
    7.6641   -0.4751    0.2998    1.2814    0.0033   -0.9730   -3.3874    0.9643    0.0296    0.0007    2.2869    0.1811   -0.0032   -2.2833    0.0085
    0.0596   12.5168   -0.4065    0.0021   -0.0022    2.5410   -0.0261   -1.2520    0.0063    0.0164   -1.3045   -0.1843   -0.0328    1.2986    0.0146
   -0.1055    0.1486   12.1102   -0.0040    0.0018    2.1808    0.5144   -2.1804    0.0117    0.0229   -4.5399   -0.2908   -0.0490    5.8396    0.0254
EB =
   -0.9142    0.4923   -0.0888
    0.0338    0.3600    0.0111
   -6.3954    4.3762   -0.5476
   87.7644    2.2584   -0.7605
    0.6808  -59.6879    1.0522
   -1.2087   -0.7056  -31.3779


physical mpc_sin
EA =
    1.0002   -0.0002    0.0004    0.0019    0.0004   -0.0246    0.0041    0.0242    0.0049   -0.0002    0.0164   -0.0013   -0.0022   -0.0163   -0.0005
    0.0000    1.0003    0.0001   -0.0001   -0.0005   -0.0408    0.0127    0.0424    0.0072   -0.0003    0.0177   -0.0010   -0.0034   -0.0177   -0.0008
   -0.0003    0.0003    0.9990    0.0000   -0.0020    0.0101    0.0297   -0.0097    0.0023   -0.0015   -0.0222    0.0031    0.0032    0.0228    0.0004
   -0.0191   -0.0011    0.0017    0.9896   -0.0036    0.2085   -0.4814   -0.2158   -0.0461    0.0159    0.1883    0.0088   -0.0583   -0.1767    0.0679
    0.0133   -0.0457    0.0170    0.0050   -0.0308   -0.7888   -1.0171    1.7353    0.1590   -0.0061    1.7315   -0.1219   -0.2334   -1.7165   -0.0896
    0.0213    0.0061    0.0448    0.0030    0.0543   -0.7613   -1.7996    0.7212   -0.0513    0.0302    2.9107   -0.3201   -0.3751   -1.8513   -0.0584
EB =
    0.0004   -0.0001   -0.0001
   -0.0002   -0.0010   -0.0001
   -0.0003   -0.0002    0.0009
   -0.0519   -0.0045   -0.0019
    0.0251    0.1042   -0.0022
    0.0437   -0.0302   -0.0733


physical vK_sin full data length
EA =
    1.0000   -0.0003    0.0025    0.0017    0.0001    0.0050   -0.0099   -0.0051   -0.0024    0.0003   -0.0028    0.0021    0.0003    0.0031    0.0003
    0.0006    1.0003   -0.0004    0.0002   -0.0004   -0.0175    0.0254    0.0196    0.0071    0.0003    0.0011    0.0001   -0.0018   -0.0011   -0.0002
    0.0002    0.0020    0.9827    0.0012    0.0004    0.0450   -0.1065   -0.0452   -0.0170   -0.0053    0.0024   -0.0016   -0.0011   -0.0034   -0.0008
   -0.0298   -0.0148    0.0299    0.9790    0.0169   -1.0018    3.1273    0.9902    0.5094    0.0147   -0.0900    0.0562    0.0065    0.1144    0.0131
   -0.0180   -0.0224    0.0007   -0.0076   -0.0003    1.3900    0.4544   -0.4050    0.1063   -0.0983   -0.2193   -0.0117    0.0358    0.2054   -0.0171
   -0.5326   -0.0308   -0.2436   -0.2309    0.1962   -3.8064   12.0648    3.9973    2.9873    0.0762   -1.0692    0.1923    0.4386    2.1784    0.3224
EB =
   -0.0012   -0.0001   -0.0006
    0.0022   -0.0008    0.0004
    0.0064    0.0005    0.0055
   -0.1257    0.0257   -0.0490
   -0.0569    0.0590   -0.0316
   -1.7396    0.2210   -0.5651



physical vK_sin short data length
EA =
    0.9999   -0.0003    0.0032    0.0016    0.0000    0.0193    0.0027   -0.0193    0.0023    0.0003   -0.0107    0.0033   -0.0009    0.0110    0.0006
    0.0006    1.0004   -0.0026    0.0003   -0.0002   -0.0438    0.0193    0.0458    0.0021   -0.0010   -0.0036    0.0011   -0.0018    0.0035   -0.0002
    0.0021    0.0009    0.9791    0.0017    0.0016   -0.2142    0.1672    0.2126    0.0153   -0.0093   -0.0430    0.0147   -0.0060    0.0443   -0.0007
   -0.0448   -0.0076    0.0395    0.9774    0.0177    0.9536    1.6972   -0.9533    0.3904   -0.0202    0.2189   -0.0657    0.0452   -0.2124    0.0056
   -0.0152   -0.0334    0.0552   -0.0140    0.0103    1.7459    0.4098   -0.7689    0.1080   -0.0290   -0.6746    0.1475    0.0022    0.6814   -0.0083
   -0.6084   -0.0391    0.2240   -0.3050    0.1747  -12.7506  -28.1191   12.9419   -5.9456    0.9230    5.6548   -1.7431    1.1370   -4.8126    0.4002
EB =
   -0.0014   -0.0001   -0.0007
    0.0017   -0.0007    0.0009
    0.0071    0.0015    0.0050
   -0.1317    0.0241   -0.0463
   -0.0804    0.0704   -0.0292
   -2.0765    0.1378   -0.4542






