
%% system settings 
% Time step [s]
h = 0.01;  

% mass
mass = 1.440;
% the inertia matrix with respect to the body-fixed frame
Jx = 0.01667744559662811; 
Jy = 0.017723765387827547; 
Jz = 0.029656688514293567;

% system dimension
dim_x = 6;
dim_u = 3;


% Simulation parameters
tspan = [0 0.3]; % Time range [s]
num_steps = length(tspan(1):h:tspan(2));

% torque maganitude
eu = 1.0;

% disturbance maganitude
ed = 0.001;

% multiple trajectory
num_traj = 30;


%% Input 1
0.660038149146186	-0.193186700912541	-0.530458579838746	0.842714054755552	0.684780695987601	0.760863861894506	0.914018457778974	-0.366761672828035	0.124750571703309	-0.874993088988176	0.344058416221683	-0.578278488589425	0.150809827827215	0.375432638598320	0.717863734036914	0.0746534674557255	-0.989583627407284	-0.548371077634795	-0.430500981887596	0.215492557772682	-0.341499888665098	-0.802255581171693	-0.913854155742636	0.880842302240027	-0.464571020136797	-0.0718494577423652	-0.728483430802865	0.317555528435144	0.624147669322465	0.497173608653632
0.831838162876018	-0.625813708994222	0.105199163773605	-0.972213223690396	0.511018120542783	0.222877218452162	0.595201202753370	0.887157624116161	-0.420712825552670	-0.829229489075435	0.949923526256039	-0.0528858196990927	-0.228308471158723	0.764744699913135	0.119023500896640	-0.232815057429154	-0.399024780432717	0.557924481822822	0.476565027725391	-0.271357048002702	0.0640642131868747	0.236460860374766	0.372418995661948	-0.453304305007524	-0.0469764402326973	0.977867251302200	0.452547246936766	-0.371830865357822	0.487986239711486	0.545205870719060
0.741061194852022	-0.930474878489659	0.945359251955160	-0.145678127573530	-0.274339858291407	-0.614033660588188	-0.901138238270646	0.579761352027506	-0.0328612253546754	-0.144806947614987	-0.653835607295897	-0.667485437780643	0.641204396543488	-0.871151901487335	0.433483773950171	0.209145349674166	-0.894504085400208	0.196999401378693	0.642008007095846	0.545676583609517	0.111513490001063	-0.913160386389203	-0.226291996933846	0.991637939923773	0.703916746609420	0.216564277049921	0.519160622276337	0.180497222031844	0.414710500090025	0.588926953018985


%% Input 2
-0.369872049386124	-0.571733112886260	0.173261834653565	0.334814013683742	0.467308633240425	0.573530823978463	0.405051275469902	0.154806414881149	0.187722466269920	0.703789641589489	0.0945428805300894	0.0228093149575006	0.931993380971108	-0.962176199753371	0.786383239715289	-0.818571524703229	-0.585056425231667	0.620835670310380	-0.599477387341573	-0.362993366514539	0.715166166626161	-0.522622315400542	0.472174131392981	-0.566199416376128	-0.210890132438610	0.940368680859583	-0.0842213378797005	-0.531313329635603	-0.368662131953794	-0.795127273588570
-0.601185741331819	-0.785628025560830	-0.922878082302231	-0.0509036371692748	-0.0924141308061548	-0.577461777358643	0.157633854309613	0.324377981257119	-0.402997557040574	0.419320138465027	-0.289574812366926	-0.387402249395871	-0.961252365216425	0.137061567053716	-0.755968547167692	-0.573811848728665	0.271043913728329	0.420019044806224	0.552708121738157	0.283569558020811	-0.371298563838248	0.722350921019270	0.333997714901540	-0.262452144054440	-0.646918526966921	-0.242637373908357	0.968683302158838	0.0907579567883343	0.832601970853356	0.883519311145701
0.669947389135872	0.737502563592867	-0.987565392740752	-0.224872545852690	-0.822733556381798	-0.535817245551006	0.0932317395779261	0.195458564079749	-0.204571795150850	0.0644677391816275	0.472397824025614	0.699338403526209	0.176286181647846	0.493026777850700	-0.520378621531364	-0.203676748568398	-0.579318984073541	0.547455154594367	0.469107219017772	0.0741059710093073	0.219433095410158	0.214952597948534	-0.537178710855139	-0.873083471118004	0.682601725778863	0.0535619098378979	0.885789858405357	-0.989864561302894	-0.357581417952232	0.830368617892719


%% Input 3
0.780887314972361	0.805045120426468	0.705781767592764	-0.129873149234016	0.181107840430484	0.788617774239377	0.742392929035656	0.133403274255700	-0.532925938154807	-0.907587246176816	-0.00737836738317044	-0.484553069810858	-0.958726137341795	0.204744779584623	0.0905271815186335	0.774172869278849	-0.0612394184846794	-0.810650246409117	0.656213941877722	-0.275583555300872	0.532275693184089	0.361182572187093	-0.353769122074862	-0.306647997724460	-0.0737123840044660	0.757367905661192	0.0214575385375380	-0.401617561335952	-0.175789175364791	-0.142744262131272
0.571800240777271	0.146865608288004	0.789693110892642	0.156545710178857	0.0325533427485294	-0.845979445965284	0.657458647313926	0.0685139205252430	0.732793729057412	0.472492588164567	0.585634291711112	-0.795900378542056	0.239723981951782	-0.847770824353570	0.339201551188599	0.905101800747003	-0.173468538369625	-0.109452867139723	0.803338714873632	-0.892193197877267	-0.290511343007809	0.458672339738651	-0.766705742410648	-0.314238085571856	0.934180025128302	-0.491128180170548	-0.760227695759920	0.338249626717130	-0.330837762551490	0.526411592697910
0.736526911472816	0.840073649178506	0.407026519340805	0.539626972965799	-0.0312314464355912	-0.269496345990456	0.984466350395090	0.135115131223728	0.694880165216728	0.648301617743115	0.579419507655696	-0.132457416166795	-0.759986816614622	0.138715848133349	-0.158560382072819	-0.710070680972549	0.522767684799655	-0.902710527362211	0.713938746662289	0.386622960166721	-0.536910964369831	-0.681735332765605	0.174280245959209	-0.0543893216121463	0.852772505616385	0.479597848660102	-0.427321503099694	0.303713301854816	0.581379207264431	0.349381890285416


%% Input 4
0.912566275593097	0.775013681089924	0.849009370958489	0.101854142148411	-0.781049532568106	0.151844822098425	-0.0536842702441329	-0.0533654662107446	-0.489999200473336	-0.350396569762269	-0.0509471427673238	-0.250965302389840	0.507705803682852	-0.0197010611060511	0.864309450700356	-0.906820206883712	0.337503271847760	0.0158395221109990	-0.451045741347701	-0.879670831413375	0.916899233247634	0.150750100681986	-0.354725489165150	0.866111783462454	0.567430476200158	-0.654764423730166	0.404653016141739	-0.844466147902340	-0.0905747479156074	-0.880865176964662
0.782636008971112	-0.832785033237025	-0.405463633329301	-0.588349684049101	-0.883484740970123	0.919827180040397	0.351563817698573	-0.00816839142495507	0.776073464722273	-0.983877994108406	-0.547835698787456	0.0626804004851509	-0.486680387610279	0.177116067980954	-0.557720404508891	0.0310341051835081	-0.0899482785204739	-0.703381858573542	-0.556566099747736	0.251681314640463	-0.919761171725221	0.466957823699121	-0.198306334388801	0.297278014407822	-0.975599351069301	-0.507506505136155	-0.491438161998564	0.816009520941887	0.338989604305136	0.345542345175286
-0.342008710940078	0.106440793811494	0.427282222778914	0.503718495409642	-0.469954783572617	-0.314158557170772	-0.512509112982950	-0.946319848810266	0.876538941142121	-0.606938085478726	-0.00247356095252416	0.545697193877191	-0.0845173355069866	0.344598889177387	0.518261695714482	-0.952396990074452	-0.772795791000063	0.506401144073203	0.601305623497767	-0.602702817222920	-0.549035899157079	0.841476217468057	0.964092339524320	-0.782889712219050	0.317631448596396	0.292941478314843	-0.280809142124591	-0.148450051925749	0.709525579815669	-0.675918168814737

























